0.06839629	0.01709907	0.0940449	0.01709907	0.02564861	0.02564861	0.00854954	0.06839629	0.08549537	0.03419815	0.02564861	0.04274768	0.02564861	0.05129722	0.05984676	0.08549537	0.15107754	0.11366232
0.08713614	0.02904538	0.037759	0.04356807	0.04066353	0.0232363	0.02033177	0.037759	0.037759	0.03485446	0.03194992	0.04066353	0.02904538	0.03485446	0.05518622	0.09584976	0.17329914	0.14703895
0.06160573	0.03080286	0.06160573	0.04620429	0.07700716	0.02310215	0.01540143	0.03080286	0.04620429	0.04620429	0.01540143	0.05390501	0.01540143	0.03850358	0.07700716	0.03080286	0.19507699	0.13496075
0.09743965	0.02435991	0.02435991	0.04871982	0.04871982	0.04059985	0.0	0.05683979	0.03247988	0.05683979	0.03247988	0.03247988	0.01623994	0.02435991	0.09743965	0.05683979	0.15390731	0.15589519
0.08156458	0.01631292	0.04893875	0.04893875	0.00815646	0.01631292	0.00815646	0.04893875	0.03262583	0.01631292	0.03262583	0.07340812	0.07340812	0.04078229	0.05709521	0.08156458	0.16078071	0.15407679
0.08672323	0.02601697	0.05203394	0.04336162	0.06070626	0.00867232	0.0	0.05203394	0.01734465	0.06070626	0.00867232	0.06070626	0.04336162	0.02601697	0.08672323	0.06070626	0.16617331	0.14004083
0.07582625	0.01685028	0.03370055	0.06740111	0.03370055	0.00842514	0.00842514	0.02527542	0.03370055	0.00842514	0.03370055	0.05897597	0.05897597	0.04212569	0.05897597	0.15165249	0.15964848	0.12421476
0.05354802	0.02677401	0.08032203	0.0	0.01784934	0.02677401	0.0	0.09817137	0.08032203	0.03569868	0.03569868	0.04462335	0.01784934	0.05354802	0.08032203	0.08032203	0.14825555	0.11992153
0.03231358	0.04039197	0.05654876	0.03231358	0.04039197	0.02423518	0.0	0.08078395	0.03231358	0.04847037	0.04039197	0.05654876	0.05654876	0.03231358	0.08078395	0.00807839	0.18329197	0.15427965
0.02053542	0.05476113	0.05476113	0.02053542	0.06160627	0.04107085	0.01369028	0.04791599	0.03422571	0.03422571	0.04107085	0.06160627	0.02738057	0.03422571	0.06845141	0.03422571	0.18469198	0.1650196
0.04801122	0.04200982	0.03600842	0.03600842	0.05401262	0.01200281	0.01800421	0.03600842	0.03600842	0.03000701	0.03600842	0.06601543	0.03000701	0.03600842	0.07801823	0.05401262	0.20692267	0.14492585
0.03405779	0.02554334	0.02554334	0.10217337	0.04257224	0.03405779	0.0	0.04257224	0.01702889	0.02554334	0.01702889	0.05960113	0.09365892	0.04257224	0.07663002	0.07663002	0.16866604	0.1161204
0.03827685	0.05103581	0.03827685	0.05103581	0.06379476	0.01913843	0.00637948	0.03189738	0.04465633	0.0255179	0.0255179	0.05741528	0.03827685	0.0255179	0.08293319	0.08293319	0.16656458	0.15083151
0.03951208	0.02370725	0.03160967	0.0474145	0.05531691	0.01580483	0.0	0.05531691	0.01580483	0.0474145	0.02370725	0.07902416	0.03160967	0.03160967	0.11853625	0.06321933	0.17942464	0.14096754
0.0416894	0.02501364	0.03335152	0.05836516	0.02501364	0.02501364	0.00833788	0.05002728	0.05002728	0.00833788	0.05002728	0.05002728	0.0416894	0.05002728	0.06670304	0.13340608	0.13696663	0.1459757
0.05794223	0.00827746	0.07449716	0.04138731	0.03310985	0.03310985	0.0	0.07449716	0.02483239	0.05794223	0.01655492	0.0662197	0.0662197	0.04138731	0.0662197	0.04966477	0.17279885	0.11533942
0.12006563	0.03245017	0.02271512	0.10059553	0.05841031	0.03245017	0.0	0.02596014	0.02596014	0.00649003	0.02920515	0.02596014	0.07463539	0.04218522	0.03569519	0.10384054	0.13841147	0.12496967
0.02216193	0.03693655	0.02954924	0.06648578	0.02954924	0.02216193	0.03693655	0.02216193	0.04432385	0.00738731	0.04432385	0.07387309	0.05909847	0.04432385	0.05909847	0.04432385	0.20488048	0.15242363
0.04896913	0.03264609	0.04080761	0.02448457	0.02448457	0.06529217	0.00816152	0.0734537	0.04080761	0.04080761	0.04080761	0.04896913	0.03264609	0.04080761	0.08161522	0.06529217	0.15744738	0.13250023
0.03395311	0.05092967	0.06790622	0.01697656	0.03395311	0.05092967	0.00848828	0.06790622	0.05941794	0.02546483	0.06790622	0.02546483	0.04244139	0.03395311	0.03395311	0.09337105	0.15013918	0.13684551
0.04168048	0.03473373	0.02084024	0.06946746	0.04862722	0.03473373	0.02778698	0.03473373	0.04168048	0.02778698	0.03473373	0.06252071	0.03473373	0.04862722	0.08336095	0.04168048	0.19697317	0.11529897
0.01920622	0.06402075	0.05761867	0.01920622	0.09603112	0.03841245	0.0	0.06402075	0.03201037	0.0512166	0.03201037	0.0512166	0.01280415	0.04481452	0.0768249	0.01920622	0.18535067	0.13602941
0.03509045	0.02105427	0.06316281	0.03509045	0.04912663	0.01403618	0.00701809	0.04912663	0.02105427	0.04912663	0.02105427	0.07719899	0.04912663	0.02807236	0.07719899	0.0701809	0.19076189	0.14251958
0.07006362	0.04670908	0.03113939	0.03892424	0.06227878	0.02335454	0.02335454	0.03113939	0.03892424	0.03113939	0.03113939	0.05449393	0.00778485	0.04670908	0.07006362	0.03113939	0.19043645	0.17120608
0.0307708	0.0307708	0.05384889	0.0307708	0.0307708	0.05384889	0.0076927	0.03846349	0.03846349	0.0230781	0.06923429	0.06923429	0.05384889	0.0230781	0.06154159	0.05384889	0.17784062	0.15289457
0.05321736	0.05321736	0.05321736	0.02280744	0.0760248	0.03040992	0.01520496	0.02280744	0.01520496	0.05321736	0.04561488	0.05321736	0.0380124	0.0	0.06081984	0.03040992	0.21875303	0.15784362
0.02805894	0.01870596	0.06547087	0.02805894	0.08417683	0.00935298	0.0	0.05611789	0.00935298	0.07482385	0.03741193	0.04676491	0.02805894	0.03741193	0.06547087	0.08417683	0.18177511	0.14481022
0.00694678	0.05557426	0.04862748	0.01389357	0.0416807	0.06252105	0.02084035	0.05557426	0.02778713	0.01389357	0.07641461	0.06252105	0.04862748	0.0416807	0.03473392	0.03473392	0.1966172	0.15733198
0.02935761	0.03669701	0.07339402	0.02201821	0.04403641	0.03669701	0.0	0.06605462	0.05871522	0.04403641	0.03669701	0.04403641	0.02201821	0.03669701	0.07339402	0.07339402	0.15807858	0.14467824
0.03992991	0.01597196	0.03992991	0.05590187	0.03992991	0.03992991	0.00798598	0.04791589	0.04791589	0.03194393	0.08784579	0.04791589	0.02395794	0.04791589	0.07985981	0.03992991	0.15548625	0.14973338
0.01619071	0.05666748	0.04857212	0.00809535	0.04047677	0.04857212	0.0	0.06476283	0.03238142	0.03238142	0.04857212	0.07285819	0.04857212	0.01619071	0.08095354	0.05666748	0.18020831	0.1478773
0.03707028	0.02780271	0.04633785	0.05560542	0.06487299	0.01853514	0.0	0.03707028	0.02780271	0.02780271	0.04633785	0.06487299	0.04633785	0.04633785	0.07414056	0.06487299	0.17030516	0.14389467
0.01514974	0.03787436	0.03787436	0.04544923	0.06817385	0.06059898	0.01514974	0.03787436	0.02272462	0.05302411	0.06059898	0.04544923	0.03029949	0.03029949	0.06817385	0.02272462	0.2029919	0.14556908
0.0476579	0.01906316	0.01906316	0.0476579	0.02859474	0.03812632	0.02859474	0.05718948	0.02859474	0.01906316	0.02859474	0.06672106	0.03812632	0.07625264	0.06672106	0.05718948	0.18266149	0.15012793
0.047584	0.023792	0.071376	0.047584	0.06344533	0.023792	0.00793067	0.01586133	0.03172267	0.047584	0.00793067	0.07930666	0.03965333	0.01586133	0.07930666	0.071376	0.17529635	0.150597
0.03237001	0.04046251	0.03237001	0.03237001	0.04855502	0.01618501	0.0080925	0.04855502	0.02427751	0.04046251	0.05664752	0.07283252	0.03237001	0.03237001	0.08901753	0.04855502	0.18486771	0.15963958
0.00848001	0.02544004	0.01696003	0.03392005	0.03392005	0.02544004	0.01696003	0.05088008	0.01696003	0.03392005	0.05936009	0.07632012	0.02544004	0.03392005	0.10176016	0.09328014	0.18618612	0.16085288
0.06774925	0.03763847	0.03763847	0.05269386	0.06022155	0.0	0.0	0.06774925	0.02258308	0.04516616	0.04516616	0.03763847	0.05269386	0.04516616	0.06774925	0.03763847	0.16869698	0.15381055
0.00807803	0.03231214	0.04846821	0.01615607	0.04039017	0.01615607	0.0242341	0.06462428	0.04039017	0.04039017	0.04846821	0.04846821	0.01615607	0.06462428	0.05654624	0.08885838	0.17558959	0.1700896
0.03316639	0.03316639	0.04145798	0.04145798	0.03316639	0.04974958	0.02487479	0.04145798	0.01658319	0.02487479	0.02487479	0.08291597	0.06633278	0.03316639	0.06633278	0.04145798	0.21320587	0.13175797
0.03964207	0.06342731	0.07135572	0.02378524	0.04757048	0.03171365	0.00792841	0.0554989	0.04757048	0.03171365	0.03171365	0.0554989	0.06342731	0.00792841	0.06342731	0.03171365	0.18525068	0.14083417
0.0147094	0.12502993	0.0	0.09561113	0.14709404	0.0	0.0073547	0.0	0.0073547	0.02206411	0.0	0.08090172	0.06619232	0.0	0.10296583	0.0147094	0.27263022	0.04338249
0.01790992	0.0447748	0.03581984	0.0447748	0.05372976	0.00895496	0.02686488	0.03581984	0.02686488	0.0447748	0.02686488	0.06268472	0.0447748	0.02686488	0.07163968	0.05372976	0.22285298	0.15029987
0.00910759	0.03643034	0.04553793	0.0637531	0.05464552	0.0	0.01821517	0.05464552	0.07286069	0.03643034	0.02732276	0.04553793	0.01821517	0.05464552	0.09107586	0.03643034	0.16214723	0.17299899
0.03067512	0.03067512	0.04601268	0.05368146	0.05368146	0.03067512	0.01533756	0.05368146	0.04601268	0.01533756	0.04601268	0.04601268	0.0383439	0.0766878	0.04601268	0.05368146	0.17077457	0.14670397
0.0170426	0.02556389	0.05112779	0.06817038	0.06817038	0.04260649	0.0085213	0.05112779	0.05112779	0.05112779	0.04260649	0.02556389	0.03408519	0.05112779	0.06817038	0.04260649	0.1520662	0.14918739
0.02231452	0.04462903	0.05950537	0.02231452	0.03719086	0.03719086	0.0	0.05950537	0.03719086	0.02231452	0.0520672	0.07438172	0.0520672	0.02975269	0.07438172	0.06694355	0.17977913	0.12847089
0.02601788	0.01734525	0.05203576	0.05203576	0.04336313	0.03469051	0.01734525	0.05203576	0.04336313	0.03469051	0.03469051	0.04336313	0.03469051	0.06070838	0.06070838	0.07805364	0.16699329	0.14786923
0.07121838	0.01780459	0.08012068	0.02670689	0.04451149	0.0	0.0	0.06231608	0.02670689	0.03560919	0.03560919	0.06231608	0.05341378	0.04451149	0.05341378	0.09792527	0.1535717	0.13424451
0.02744643	0.03659524	0.01829762	0.05489286	0.06404167	0.05489286	0.00914881	0.03659524	0.04574405	0.03659524	0.10978571	0.01829762	0.0	0.03659524	0.07319047	0.06404167	0.13279736	0.18104193
0.03906501	0.03906501	0.02343901	0.05469102	0.06250402	0.04687802	0.007813	0.03125201	0.03125201	0.03125201	0.05469102	0.05469102	0.02343901	0.02343901	0.08594303	0.07031703	0.16886673	0.15140202
0.03483105	0.03483105	0.03483105	0.03483105	0.05572968	0.02786484	0.0	0.05572968	0.02786484	0.04876347	0.05572968	0.05572968	0.02786484	0.02786484	0.09056073	0.0696621	0.17217097	0.14514042
0.06656714	0.02218905	0.05917079	0.04437809	0.03698174	0.0147927	0.0147927	0.04437809	0.02218905	0.05177444	0.0147927	0.05917079	0.06656714	0.0295854	0.05177444	0.05177444	0.19667517	0.15244613
0.01841502	0.02455335	0.03683003	0.04296837	0.01227668	0.0	0.03683003	0.04910671	0.04296837	0.03069169	0.05524505	0.05524505	0.05524505	0.04296837	0.04910671	0.06138338	0.21823728	0.16792888
0.0165803	0.04145074	0.05803104	0.02487045	0.06632119	0.02487045	0.00829015	0.07461134	0.00829015	0.06632119	0.0165803	0.05803104	0.04974089	0.04145074	0.07461134	0.02487045	0.20580108	0.1392772
0.01618764	0.02428146	0.01618764	0.04856292	0.04856292	0.01618764	0.01618764	0.05665674	0.02428146	0.05665674	0.0404691	0.06475056	0.02428146	0.0404691	0.11331348	0.03237528	0.20932154	0.15126671
0.04149573	0.02234386	0.05745563	0.05745563	0.04787969	0.0159599	0.02234386	0.03511177	0.05107167	0.03191979	0.02553583	0.05107167	0.03830375	0.05107167	0.05426365	0.06383959	0.18451597	0.14836035
0.02514519	0.03352692	0.05867211	0.01676346	0.03352692	0.07543557	0.01676346	0.06705384	0.02514519	0.05867211	0.05029038	0.05029038	0.04190865	0.02514519	0.06705384	0.02514519	0.19096049	0.13850112
0.01446969	0.02893938	0.04340908	0.00723485	0.01446969	0.02170454	0.02170454	0.07234846	0.02893938	0.06511361	0.04340908	0.06511361	0.03617423	0.00723485	0.10128784	0.03617423	0.21634532	0.17592763
0.06500366	0.06500366	0.05571743	0.02785871	0.04643119	0.00928624	0.0	0.10214861	0.05571743	0.02785871	0.05571743	0.02785871	0.04643119	0.05571743	0.05571743	0.01857248	0.15956985	0.12538986
0.04359634	0.05086239	0.02906422	0.05812845	0.05086239	0.01453211	0.00726606	0.03633028	0.02906422	0.02906422	0.03633028	0.07992662	0.05812845	0.01453211	0.10172479	0.01453211	0.21322035	0.1328346
0.03971577	0.01588631	0.07148839	0.00794315	0.03971577	0.06354523	0.00794315	0.07148839	0.03177262	0.07943154	0.01588631	0.04765893	0.02382946	0.03177262	0.07148839	0.04765893	0.16941391	0.16336113
0.0656941	0.04598587	0.02627764	0.05255528	0.03941646	0.03941646	0.02627764	0.03941646	0.03284705	0.01970823	0.01970823	0.04598587	0.04598587	0.04598587	0.04598587	0.05912469	0.17736712	0.17226128
0.06192222	0.01769206	0.04423016	0.07076826	0.0265381	0.01769206	0.01769206	0.01769206	0.03538413	0.0	0.03538413	0.07076826	0.07076826	0.05307619	0.03538413	0.11499842	0.17666076	0.13334874
0.05094372	0.02037749	0.05094372	0.06113247	0.05094372	0.01018874	0.0	0.05094372	0.03056623	0.02037749	0.04075498	0.05094372	0.04075498	0.06113247	0.05094372	0.14264242	0.14159519	0.12481521
0.04663673	0.02798204	0.06529142	0.01865469	0.04663673	0.00932735	0.01865469	0.05596407	0.05596407	0.06529142	0.02798204	0.04663673	0.00932735	0.03730938	0.07461877	0.04663673	0.17590868	0.17117712
0.02757103	0.02757103	0.00919034	0.03676137	0.01838068	0.03676137	0.00919034	0.05514205	0.02757103	0.02757103	0.07352274	0.08271308	0.03676137	0.02757103	0.11947445	0.04595171	0.18017049	0.15812489
0.01635797	0.03271593	0.0490739	0.04089492	0.05725288	0.02453695	0.00817898	0.07361085	0.02453695	0.07361085	0.04089492	0.02453695	0.04089492	0.02453695	0.07361085	0.05725288	0.18701019	0.15049218
0.06747915	0.04217447	0.02530468	0.05060937	0.05060937	0.05060937	0.00843489	0.05060937	0.03373958	0.03373958	0.06747915	0.02530468	0.04217447	0.02530468	0.05904426	0.08434894	0.15820681	0.12482718
0.02953798	0.04430697	0.05907595	0.04430697	0.06646045	0.04430697	0.01476899	0.03692247	0.07384494	0.00738449	0.03692247	0.05907595	0.01476899	0.06646045	0.05907595	0.04430697	0.15742121	0.14105183
0.03399845	0.00849961	0.07649652	0.02549884	0.05099768	0.03399845	0.00849961	0.05949729	0.05099768	0.05099768	0.0679969	0.0679969	0.00849961	0.05949729	0.08499613	0.00849961	0.16815412	0.13487761
0.04237882	0.03531568	0.02118941	0.04944195	0.02118941	0.02118941	0.02118941	0.03531568	0.03531568	0.02118941	0.04237882	0.08475763	0.04944195	0.02825254	0.09182077	0.03531568	0.2093782	0.15493955
0.05090395	0.03635996	0.02908797	0.07271993	0.05817594	0.00727199	0.02181598	0.03635996	0.02181598	0.05090395	0.01454399	0.04363196	0.05090395	0.02908797	0.06544794	0.05817594	0.20592687	0.14686577
0.02297118	0.02297118	0.0382853	0.06891353	0.0382853	0.03062824	0.03062824	0.03062824	0.03062824	0.02297118	0.04594236	0.06125647	0.06125647	0.06125647	0.0382853	0.04594236	0.18869504	0.16045492
0.05142501	0.03428334	0.04285418	0.00857084	0.04285418	0.06856668	0.00857084	0.06856668	0.03428334	0.02571251	0.03428334	0.05999585	0.01714167	0.05142501	0.06856668	0.10285003	0.14855592	0.1314939
0.01677961	0.02516941	0.08389803	0.0	0.06711843	0.06711843	0.01677961	0.04194902	0.02516941	0.05872862	0.05033882	0.05872862	0.01677961	0.03355921	0.05033882	0.03355921	0.1922676	0.16171753
0.00838199	0.04190996	0.06705594	0.01676398	0.05029195	0.05867395	0.0	0.09220192	0.05029195	0.04190996	0.05029195	0.03352797	0.02514598	0.05867395	0.05029195	0.06705594	0.15547033	0.13206033
0.07227828	0.01445566	0.03613914	0.09396176	0.03613914	0.01445566	0.0	0.02891131	0.04336697	0.01445566	0.03613914	0.06505045	0.06505045	0.03613914	0.08673394	0.07227828	0.15608208	0.12836294
0.008301	0.04150501	0.05810701	0.04980601	0.03320401	0.02490301	0.016602	0.04150501	0.04980601	0.016602	0.05810701	0.05810701	0.06640802	0.03320401	0.05810701	0.06640802	0.1748381	0.14447974
0.0	0.00580966	0.00580966	0.01161931	0.01161931	0.08714483	0.07552552	0.02323862	0.01161931	0.06390621	0.08714483	0.04647724	0.0	0.03485793	0.04647724	0.02323862	0.25723699	0.2082747
0.02961793	0.00740448	0.05923585	0.04442689	0.04442689	0.02961793	0.02221344	0.08885378	0.06664033	0.04442689	0.04442689	0.02961793	0.0	0.11106722	0.05923585	0.01480896	0.14984036	0.15413839
0.04716698	0.04716698	0.05390511	0.0336907	0.05390511	0.05390511	0.02695256	0.0336907	0.04716698	0.04042884	0.0336907	0.04716698	0.0336907	0.02695256	0.05390511	0.02021442	0.20717601	0.13922447
0.03916725	0.04895907	0.04895907	0.05875088	0.05875088	0.00979181	0.00979181	0.03916725	0.04895907	0.03916725	0.01958363	0.05875088	0.04895907	0.02937544	0.0783345	0.02937544	0.19680925	0.13734746
0.06689389	0.01486531	0.02973062	0.02973062	0.02229796	0.05946123	0.02973062	0.05946123	0.01486531	0.05946123	0.05946123	0.02973062	0.03716327	0.03716327	0.04459592	0.06689389	0.18551264	0.15298117
0.03579704	0.04295645	0.02147822	0.05011586	0.04295645	0.05011586	0.05011586	0.03579704	0.04295645	0.03579704	0.03579704	0.03579704	0.03579704	0.04295645	0.04295645	0.02147822	0.22678847	0.15034303
0.07068775	0.04241265	0.04948142	0.07068775	0.06361897	0.00706877	0.00706877	0.04241265	0.03534387	0.03534387	0.02120632	0.0282751	0.06361897	0.03534387	0.04241265	0.07068775	0.17450435	0.13982448
0.04984308	0.02492154	0.04984308	0.0415359	0.01661436	0.01661436	0.00830718	0.0415359	0.02492154	0.01661436	0.01661436	0.09137899	0.08307181	0.02492154	0.07476463	0.10799335	0.18401651	0.12648749
0.02555651	0.03407534	0.05963185	0.05963185	0.07666952	0.0	0.0	0.03407534	0.01703767	0.05963185	0.04259418	0.06815069	0.05111302	0.01703767	0.08518836	0.02555651	0.2109028	0.13314682
0.01540776	0.03081552	0.03851941	0.00770388	0.03081552	0.03851941	0.02311164	0.06933493	0.01540776	0.06933493	0.06163105	0.06163105	0.03081552	0.01540776	0.09244657	0.00770388	0.21254717	0.17884622
0.05960062	0.01702875	0.05108625	0.068115	0.00851437	0.00851437	0.01702875	0.05108625	0.02554312	0.04257187	0.00851437	0.05960062	0.10217249	0.02554312	0.05108625	0.05960062	0.18687363	0.15751954
0.03113116	0.03113116	0.0700451	0.03113116	0.03113116	0.04669673	0.0	0.06226231	0.03891394	0.03113116	0.07782789	0.05447952	0.06226231	0.03113116	0.04669673	0.03891394	0.16422354	0.15089105
0.00745109	0.02980435	0.03725543	0.01490217	0.03725543	0.03725543	0.02980435	0.05215761	0.04470652	0.07451087	0.07451087	0.03725543	0.0	0.02235326	0.08196196	0.03725543	0.20688293	0.17467686
0.02139123	0.06417369	0.06417369	0.03208684	0.08556492	0.01069561	0.0	0.08556492	0.04278246	0.03208684	0.03208684	0.03208684	0.03208684	0.06417369	0.05347807	0.05347807	0.15320797	0.14088147
0.03878095	0.01939048	0.10664761	0.03878095	0.06786666	0.02908571	0.0	0.04847619	0.05817143	0.04847619	0.02908571	0.03878095	0.03878095	0.03878095	0.04847619	0.04847619	0.15828609	0.1436568
0.02135702	0.02847602	0.07830907	0.02135702	0.02847602	0.04271404	0.00711901	0.05695205	0.03559503	0.04983304	0.07830907	0.03559503	0.06407106	0.01423801	0.02847602	0.07830907	0.17682964	0.15398377
0.03057397	0.02445917	0.04891835	0.03057397	0.03668876	0.00611479	0.02445917	0.04280355	0.04280355	0.03668876	0.04891835	0.06114793	0.02445917	0.04891835	0.06726273	0.07337752	0.16982122	0.18201069
0.06032881	0.03770551	0.0150822	0.0301644	0.0301644	0.0301644	0.03770551	0.04524661	0.04524661	0.03770551	0.06032881	0.03770551	0.0075411	0.03770551	0.06786991	0.04524661	0.19403849	0.18005011
0.04483806	0.0512435	0.01921631	0.0512435	0.03843263	0.03843263	0.01281088	0.0512435	0.0512435	0.02562175	0.01921631	0.0512435	0.03202719	0.02562175	0.08967613	0.09608157	0.1722986	0.12950868
0.08703657	0.01582483	0.03956208	0.05538691	0.02373725	0.03956208	0.00791242	0.03956208	0.02373725	0.01582483	0.03956208	0.07121174	0.07121174	0.03956208	0.05538691	0.06329933	0.15366354	0.15795629
0.04564893	0.03651915	0.05477872	0.05477872	0.04564893	0.02738936	0.0	0.07303829	0.05477872	0.06390851	0.03651915	0.01825957	0.03651915	0.02738936	0.08216808	0.04564893	0.16060482	0.13640161
0.04286335	0.02571801	0.07715403	0.02571801	0.06858136	0.00857267	0.0	0.06000869	0.02571801	0.06858136	0.02571801	0.04286335	0.04286335	0.03429068	0.06000869	0.06858136	0.1857531	0.137006
0.01581304	0.0395326	0.0395326	0.04743912	0.06325216	0.01581304	0.01581304	0.04743912	0.0395326	0.02371956	0.0395326	0.07115868	0.03162608	0.05534564	0.0790652	0.05534564	0.18021779	0.13982153
0.0907969	0.04127132	0.06603411	0.0	0.02476279	0.04952558	0.01650853	0.06603411	0.06603411	0.01650853	0.02476279	0.05777984	0.02476279	0.04127132	0.05777984	0.05777984	0.16636646	0.13202114
0.08958062	0.02443108	0.03257477	0.06514954	0.06514954	0.00814369	0.00814369	0.03257477	0.03257477	0.04886216	0.03257477	0.04071846	0.02443108	0.03257477	0.08143693	0.04886216	0.16414965	0.16806755
0.09759555	0.03548929	0.07097858	0.06210626	0.04436161	0.01774464	0.0	0.03548929	0.02661697	0.02661697	0.02661697	0.03548929	0.09759555	0.00887232	0.01774464	0.11534019	0.15741924	0.12392265
0.08805775	0.01956839	0.03913678	0.04892097	0.03913678	0.03913678	0.0	0.04892097	0.03913678	0.01956839	0.04892097	0.01956839	0.03913678	0.04892097	0.03913678	0.1858997	0.1221457	0.11468709
0.02648273	0.05296547	0.05296547	0.03531031	0.0794482	0.01765516	0.0	0.07062062	0.01765516	0.06179304	0.01765516	0.03531031	0.04413789	0.03531031	0.07062062	0.06179304	0.19507084	0.12520568
0.00713691	0.03568455	0.03568455	0.02854764	0.0642322	0.03568455	0.04282146	0.03568455	0.02854764	0.0642322	0.03568455	0.03568455	0.01427382	0.03568455	0.04995838	0.04282146	0.22149312	0.18614329
0.06732086	0.00961727	0.04808633	0.0288518	0.0288518	0.0577036	0.00961727	0.06732086	0.01923453	0.03846907	0.04808633	0.04808633	0.04808633	0.0577036	0.04808633	0.07693813	0.1536778	0.14426175
0.02865756	0.02865756	0.06447952	0.01432878	0.05015073	0.01432878	0.01432878	0.05731512	0.03582195	0.05731512	0.05015073	0.05015073	0.02865756	0.03582195	0.05731512	0.05731512	0.1871767	0.16802815
0.04581372	0.04581372	0.06413921	0.03665098	0.05497647	0.00916274	0.0	0.05497647	0.01832549	0.04581372	0.04581372	0.06413921	0.07330196	0.01832549	0.06413921	0.01832549	0.19513347	0.14514893
0.009118	0.03647199	0.04558999	0.009118	0.02735399	0.02735399	0.03647199	0.04558999	0.03647199	0.04558999	0.05470799	0.08206198	0.02735399	0.03647199	0.07294399	0.018236	0.23416078	0.15493333
0.04464234	0.00892847	0.04464234	0.04464234	0.04464234	0.05357081	0.0	0.08928469	0.02678541	0.05357081	0.06249928	0.03571387	0.03571387	0.06249928	0.07142775	0.02678541	0.16382262	0.13082837
0.03590255	0.04787007	0.04188631	0.0299188	0.05385383	0.04188631	0.03590255	0.04188631	0.04787007	0.05385383	0.0299188	0.02393504	0.02393504	0.0299188	0.04787007	0.03590255	0.21351297	0.16417608
0.05162843	0.06023316	0.04302369	0.08604738	0.04302369	0.02581421	0.0	0.04302369	0.03441895	0.00860474	0.02581421	0.05162843	0.10325685	0.01720948	0.06023316	0.06023316	0.1838893	0.10191746
0.0235929	0.05898225	0.0471858	0.0943716	0.0471858	0.0	0.0	0.03538935	0.0471858	0.0	0.0235929	0.05898225	0.1179645	0.0235929	0.05898225	0.08257515	0.16768645	0.11273009
0.02398981	0.04797962	0.06397283	0.0	0.03198642	0.01599321	0.02398981	0.05597623	0.03998302	0.02398981	0.05597623	0.07996604	0.03998302	0.03998302	0.04797962	0.03998302	0.19137173	0.17689656
0.02151627	0.03586046	0.03586046	0.02151627	0.01434418	0.03586046	0.00717209	0.05737673	0.02868837	0.02151627	0.06454882	0.07889301	0.05020464	0.02151627	0.0860651	0.07889301	0.17612005	0.16404755
0.06258425	0.02086142	0.04172284	0.10430709	0.03129213	0.02086142	0.0	0.04172284	0.05215354	0.02086142	0.04172284	0.05215354	0.08344567	0.04172284	0.08344567	0.03129213	0.16766558	0.1021848
0.00934044	0.06538308	0.03736176	0.00934044	0.07472352	0.07472352	0.0	0.0467022	0.02802132	0.02802132	0.07472352	0.07472352	0.00934044	0.02802132	0.09340439	0.01868088	0.17282307	0.1546653
0.06143881	0.06143881	0.08776974	0.02633092	0.06143881	0.02633092	0.0	0.05266184	0.01755395	0.03510789	0.01755395	0.06143881	0.08776974	0.01755395	0.02633092	0.02633092	0.1814239	0.15152611
0.04806057	0.04005048	0.02403029	0.04005048	0.04806057	0.04806057	0.05607067	0.04005048	0.04806057	0.04806057	0.02403029	0.02403029	0.0080101	0.06408076	0.03204038	0.01602019	0.20932238	0.18191037
0.03808806	0.05332328	0.05332328	0.02285284	0.03808806	0.0609409	0.00761761	0.05332328	0.03808806	0.01523522	0.0609409	0.0609409	0.05332328	0.02285284	0.0609409	0.03808806	0.1702683	0.15176424
0.0228162	0.03802699	0.05323779	0.03802699	0.04563239	0.0152108	0.0152108	0.05323779	0.03802699	0.06844859	0.03042159	0.03802699	0.04563239	0.0076054	0.06844859	0.05323779	0.21617956	0.15257236
0.00803891	0.08038907	0.00803891	0.08038907	0.09646688	0.02411672	0.01607781	0.02411672	0.0	0.05627235	0.0	0.06431125	0.08038907	0.0	0.09646688	0.02411672	0.27096364	0.06984602
0.02781186	0.04635309	0.01854124	0.05562371	0.06489433	0.01854124	0.01854124	0.05562371	0.00927062	0.01854124	0.02781186	0.08343557	0.04635309	0.06489433	0.08343557	0.02781186	0.21277787	0.1197376
0.01669118	0.0751103	0.01669118	0.13352942	0.08345589	0.0	0.00834559	0.0	0.04172794	0.02503677	0.0	0.0751103	0.10014706	0.0	0.10849265	0.00834559	0.24562122	0.06169491
0.02613448	0.02613448	0.06098045	0.04355747	0.02613448	0.0	0.00871149	0.06098045	0.02613448	0.03484597	0.02613448	0.06969195	0.08711493	0.03484597	0.06098045	0.06969195	0.20254714	0.13537938
0.02788619	0.05577237	0.05577237	0.0	0.06506777	0.03718158	0.0092954	0.07436317	0.02788619	0.04647698	0.04647698	0.05577237	0.01859079	0.03718158	0.07436317	0.03718158	0.18123839	0.14949312
0.03918437	0.04702125	0.04702125	0.03918437	0.062695	0.05485812	0.0	0.05485812	0.03918437	0.03918437	0.05485812	0.04702125	0.0313475	0.0313475	0.07836875	0.02351062	0.16792336	0.14243167
0.02656067	0.02656067	0.06197491	0.03541423	0.05312135	0.03541423	0.0	0.06197491	0.00885356	0.05312135	0.02656067	0.07082847	0.06197491	0.02656067	0.07968202	0.05312135	0.18791937	0.13035665
0.03001075	0.0525188	0.0525188	0.0525188	0.07502686	0.03751343	0.00750269	0.03751343	0.06002149	0.01500537	0.0525188	0.04501612	0.02250806	0.0525188	0.06002149	0.03751343	0.15990606	0.1498468
0.05802747	0.02486892	0.04973783	0.04144819	0.02486892	0.01657928	0.01657928	0.04144819	0.04144819	0.02486892	0.05802747	0.05802747	0.05802747	0.03315855	0.05802747	0.06631711	0.19263855	0.13590072
0.05194691	0.04328909	0.03463128	0.02597346	0.03463128	0.03463128	0.0	0.06060473	0.04328909	0.0	0.06926255	0.06060473	0.03463128	0.05194691	0.06060473	0.11255164	0.14343286	0.13796818
0.02391026	0.0358654	0.02988783	0.01195513	0.04782053	0.0537981	0.0358654	0.0537981	0.0179327	0.05977566	0.0537981	0.04782053	0.01195513	0.04184296	0.0537981	0.02988783	0.21551452	0.17477372
0.04687512	0.02678578	0.04687512	0.06026801	0.04687512	0.03348223	0.03348223	0.03348223	0.06696445	0.04017867	0.02008934	0.02678578	0.02008934	0.04687512	0.04687512	0.06026801	0.20016604	0.14358234
0.04009099	0.04009099	0.05612738	0.04810919	0.06414558	0.0	0.0	0.08018198	0.0080182	0.07216378	0.0	0.04810919	0.07216378	0.02405459	0.08018198	0.03207279	0.19995155	0.13453805
0.03151889	0.03782267	0.05043022	0.03782267	0.03151889	0.02521511	0.0	0.04412645	0.02521511	0.02521511	0.07564533	0.07564533	0.06934156	0.00630378	0.07564533	0.06303778	0.18655188	0.13894389
0.01327635	0.01327635	0.06638174	0.04646722	0.05310539	0.0265527	0.0	0.07965809	0.01991452	0.05310539	0.05974357	0.05310539	0.04646722	0.06638174	0.05974357	0.01991452	0.17145553	0.1514507
0.01497964	0.03744911	0.05242875	0.03744911	0.05991857	0.05991857	0.01497964	0.07489822	0.03744911	0.05242875	0.03744911	0.02995929	0.02246946	0.05991857	0.05242875	0.02995929	0.18877337	0.13714268
0.06212963	0.03550265	0.03550265	0.0710053	0.05325397	0.00887566	0.0	0.04437831	0.03550265	0.02662699	0.01775132	0.06212963	0.05325397	0.03550265	0.09763228	0.06212963	0.16438793	0.13443477
0.02124304	0.02832405	0.02832405	0.0566481	0.02124304	0.03540506	0.02832405	0.03540506	0.04248607	0.02832405	0.02832405	0.07081012	0.04956709	0.03540506	0.08497215	0.04956709	0.1995856	0.15604229
0.02371348	0.01580899	0.04742696	0.00790449	0.02371348	0.04742696	0.03161797	0.04742696	0.03952247	0.05533145	0.10275841	0.04742696	0.00790449	0.03952247	0.05533145	0.03161797	0.19130934	0.18423569
0.02474624	0.02474624	0.04124374	0.03299499	0.05774123	0.08248748	0.00824875	0.06598998	0.04124374	0.05774123	0.06598998	0.02474624	0.0	0.05774123	0.07423873	0.04124374	0.16969679	0.12915967
0.03995182	0.03995182	0.03995182	0.01331727	0.04661046	0.05992773	0.02663455	0.02663455	0.04661046	0.03995182	0.08656228	0.03995182	0.0	0.02663455	0.05992773	0.04661046	0.16417798	0.19659285
0.02559293	0.02559293	0.06398232	0.03838939	0.07038055	0.07038055	0.00639823	0.03838939	0.0191947	0.05118585	0.01279646	0.07677878	0.03838939	0.03199116	0.08317701	0.03199116	0.18189908	0.13349011
0.03540223	0.02655167	0.05310335	0.02655167	0.02655167	0.05310335	0.00885056	0.08850558	0.04425279	0.05310335	0.05310335	0.04425279	0.02655167	0.04425279	0.07965502	0.02655167	0.16259455	0.1470619
0.04102534	0.0246152	0.04102534	0.06564054	0.04923041	0.01641014	0.0	0.08205068	0.04923041	0.01641014	0.0246152	0.04923041	0.03282027	0.09846081	0.07384561	0.07384561	0.13504402	0.12649989
0.03788665	0.05304131	0.05304131	0.01515466	0.06061864	0.06061864	0.02273199	0.03788665	0.05304131	0.03030932	0.04546398	0.05304131	0.00757733	0.03788665	0.06061864	0.00757733	0.20206329	0.16144095
0.02360017	0.04720033	0.08260058	0.02360017	0.03540025	0.05900042	0.0	0.05900042	0.09440067	0.01180008	0.05900042	0.05900042	0.02360017	0.03540025	0.08260058	0.02360017	0.15697299	0.12322193
0.03757915	0.01503166	0.03006332	0.04509499	0.05261082	0.02254749	0.02254749	0.06012665	0.02254749	0.07515831	0.04509499	0.03006332	0.01503166	0.03757915	0.08267414	0.06764248	0.19223243	0.14637445
0.0229947	0.0459894	0.0229947	0.0459894	0.0306596	0.0306596	0.0306596	0.0306596	0.0383245	0.0153298	0.0229947	0.0613192	0.0536543	0.0306596	0.0536543	0.0996437	0.20325282	0.16056047
0.04156572	0.0346381	0.02771048	0.04156572	0.0346381	0.0346381	0.04156572	0.02771048	0.0346381	0.04156572	0.0346381	0.04156572	0.04156572	0.02771048	0.04849334	0.06234859	0.22841418	0.15502759
0.0665925	0.04162031	0.02497219	0.04994437	0.04994437	0.04162031	0.02497219	0.03329625	0.03329625	0.02497219	0.02497219	0.04994437	0.04162031	0.03329625	0.05826843	0.07491656	0.17274365	0.15300732
0.05043124	0.00720446	0.02881785	0.06484017	0.04322678	0.03602232	0.02881785	0.02881785	0.02881785	0.03602232	0.02161339	0.0576357	0.02881785	0.05043124	0.06484017	0.08645356	0.19471636	0.14247304
0.03796584	0.04555901	0.04555901	0.03796584	0.03037267	0.03037267	0.03037267	0.05315218	0.03796584	0.0227795	0.03037267	0.04555901	0.06833851	0.03796584	0.03037267	0.06833851	0.1999521	0.14703544
0.02433854	0.04867708	0.0	0.02433854	0.01825391	0.03042318	0.06693099	0.01216927	0.03650781	0.01216927	0.05476172	0.06693099	0.01825391	0.03650781	0.04867708	0.04867708	0.23483664	0.21754621
0.03947315	0.07105167	0.03947315	0.04736778	0.03947315	0.01578926	0.00789463	0.05526241	0.06315704	0.00789463	0.01578926	0.07105167	0.05526241	0.03157852	0.08684092	0.03947315	0.18608342	0.12708382
0.0250279	0.03754185	0.03754185	0.0500558	0.0	0.03754185	0.01251395	0.06256975	0.03754185	0.0	0.0500558	0.0500558	0.0750837	0.0500558	0.03754185	0.16268134	0.14674719	0.12744375
0.03042595	0.01521298	0.06845839	0.03042595	0.06085191	0.03042595	0.00760649	0.06085191	0.02281946	0.08367137	0.06845839	0.03042595	0.02281946	0.03042595	0.06085191	0.02281946	0.19506269	0.15838581
0.04211456	0.03509547	0.02105728	0.03509547	0.05615275	0.03509547	0.02105728	0.04211456	0.02105728	0.06317184	0.04211456	0.04913366	0.02105728	0.02105728	0.09124822	0.02807638	0.21133335	0.1639673
0.01785193	0.00892596	0.04462982	0.07140771	0.04462982	0.03570385	0.01785193	0.06248175	0.07140771	0.01785193	0.04462982	0.03570385	0.00892596	0.0981856	0.06248175	0.08033367	0.13467989	0.14231705
0.02490044	0.02490044	0.03320058	0.03320058	0.04150073	0.04150073	0.02490044	0.04150073	0.01660029	0.04980087	0.08300145	0.04980087	0.03320058	0.04150073	0.04980087	0.04150073	0.20269035	0.16649863
0.06606296	0.02936131	0.04404197	0.03670164	0.01468066	0.00734033	0.03670164	0.03670164	0.04404197	0.02936131	0.03670164	0.03670164	0.04404197	0.02936131	0.02936131	0.11744526	0.19582633	0.16556508
0.06180702	0.0353183	0.0353183	0.06180702	0.04414787	0.00882957	0.00882957	0.05297745	0.04414787	0.04414787	0.02648872	0.04414787	0.04414787	0.02648872	0.09712532	0.05297745	0.17631742	0.13497575
0.0784646	0.02615487	0.05230973	0.0784646	0.04359144	0.02615487	0.00871829	0.05230973	0.04359144	0.04359144	0.00871829	0.01743658	0.06974631	0.02615487	0.05230973	0.08718289	0.15351417	0.13158616
0.05030347	0.02515174	0.05030347	0.03353565	0.04191956	0.04191956	0.00838391	0.03353565	0.02515174	0.03353565	0.03353565	0.07545521	0.04191956	0.03353565	0.0670713	0.07545521	0.17166398	0.15762305
0.08678999	0.05424374	0.03254625	0.07594124	0.05424374	0.04339499	0.0	0.06509249	0.05424374	0.0216975	0.05424374	0.0	0.05424374	0.03254625	0.05424374	0.05424374	0.13206605	0.13021903
0.04111516	0.01644606	0.04933819	0.03289212	0.04111516	0.03289212	0.02466909	0.02466909	0.02466909	0.02466909	0.03289212	0.06578425	0.03289212	0.04933819	0.04933819	0.11512243	0.1748696	0.16728791
0.03539849	0.03539849	0.05309774	0.03539849	0.01769925	0.03539849	0.02654887	0.04424812	0.04424812	0.00884962	0.03539849	0.06194736	0.06194736	0.03539849	0.04424812	0.09734586	0.18541322	0.14201541
0.05865033	0.03910022	0.02932517	0.06842539	0.02932517	0.01955011	0.02932517	0.02932517	0.04887528	0.01955011	0.00977506	0.04887528	0.05865033	0.03910022	0.04887528	0.0879755	0.17701187	0.15828438
0.02898653	0.02898653	0.05797307	0.0869596	0.06763525	0.03864871	0.00966218	0.03864871	0.04831089	0.04831089	0.02898653	0.02898653	0.04831089	0.03864871	0.05797307	0.02898653	0.17483214	0.13915323
0.01077515	0.06465087	0.04310058	0.05387573	0.10775146	0.0	0.0	0.04310058	0.02155029	0.02155029	0.04310058	0.04310058	0.03232544	0.06465087	0.05387573	0.1185266	0.15770754	0.12035769
0.052576	0.03505067	0.04381333	0.04381333	0.052576	0.04381333	0.03505067	0.03505067	0.04381333	0.04381333	0.026288	0.03505067	0.026288	0.04381333	0.04381333	0.04381333	0.20986958	0.1416931
0.04532443	0.02719466	0.04532443	0.04532443	0.04532443	0.01812977	0.00906489	0.03625954	0.05438931	0.03625954	0.03625954	0.04532443	0.01812977	0.02719466	0.08158397	0.11784351	0.17111254	0.13995616
0.04226088	0.05071305	0.04226088	0.05071305	0.0338087	0.02535653	0.01690435	0.05071305	0.05071305	0.00845218	0.0338087	0.05916523	0.0676174	0.0338087	0.05916523	0.04226088	0.19051308	0.14176506
0.03245496	0.06490991	0.03245496	0.02434122	0.04056869	0.00811374	0.03245496	0.03245496	0.05679617	0.00811374	0.03245496	0.05679617	0.02434122	0.04056869	0.04868243	0.10547861	0.20248747	0.15652716
0.01511437	0.06045749	0.04534311	0.03778593	0.03022874	0.03022874	0.03778593	0.03778593	0.03778593	0.01511437	0.02267156	0.06801467	0.08312904	0.03022874	0.03778593	0.02267156	0.24067879	0.14718916
0.01391741	0.00695871	0.08350447	0.01391741	0.03479353	0.06262835	0.02087612	0.04871094	0.06958706	0.04871094	0.10438059	0.02783482	0.00695871	0.04871094	0.04175224	0.04175224	0.16082707	0.16417844
0.12548102	0.03585172	0.02688879	0.03585172	0.04481465	0.03585172	0.01792586	0.01792586	0.00896293	0.03585172	0.02688879	0.05377758	0.04481465	0.00896293	0.05377758	0.0896293	0.18703471	0.1497085
0.03056851	0.01528425	0.0840634	0.00764213	0.02292638	0.06113702	0.03056851	0.06877914	0.05349489	0.06113702	0.05349489	0.02292638	0.02292638	0.05349489	0.02292638	0.06877914	0.18996805	0.12988264
0.03204712	0.04272949	0.07477661	0.01068237	0.03204712	0.05341186	0.0	0.08545898	0.05341186	0.03204712	0.06409423	0.05341186	0.03204712	0.04272949	0.06409423	0.02136474	0.16218172	0.14346408
0.00872246	0.04361228	0.06977964	0.01744491	0.03488982	0.06105719	0.02616737	0.08722455	0.06105719	0.02616737	0.03488982	0.03488982	0.03488982	0.08722455	0.02616737	0.03488982	0.17295618	0.13796984
0.01651132	0.02476699	0.04127831	0.02476699	0.03302265	0.08255662	0.00825566	0.07430096	0.02476699	0.05778964	0.07430096	0.04953397	0.03302265	0.03302265	0.08255662	0.01651132	0.18231506	0.14072062
0.06382405	0.01063734	0.05318671	0.06382405	0.04254937	0.05318671	0.0	0.05318671	0.04254937	0.02127468	0.05318671	0.04254937	0.04254937	0.07446139	0.04254937	0.09573608	0.14135387	0.10339485
0.00801431	0.04007155	0.04808586	0.0	0.02404293	0.09617172	0.04007155	0.06411448	0.04808586	0.07212879	0.07212879	0.00801431	0.01602862	0.02404293	0.04007155	0.01602862	0.20334394	0.17955417
0.02482954	0.04138257	0.04138257	0.02482954	0.02482954	0.04138257	0.04138257	0.04138257	0.06621211	0.02482954	0.05793559	0.04138257	0.02482954	0.04138257	0.04965908	0.05793559	0.19269734	0.16173462
0.04007603	0.04007603	0.03005702	0.08015205	0.04007603	0.02003801	0.0	0.04007603	0.04007603	0.02003801	0.04007603	0.06011404	0.07013305	0.03005702	0.08015205	0.06011404	0.18614046	0.12254808
0.10374015	0.07780512	0.02593504	0.02593504	0.05187008	0.03458005	0.0	0.06051509	0.02593504	0.00864501	0.02593504	0.05187008	0.05187008	0.02593504	0.06051509	0.06051509	0.1452643	0.16313467
0.01681547	0.0252232	0.05885413	0.03363093	0.05885413	0.04203867	0.00840773	0.0504464	0.04203867	0.0504464	0.05885413	0.0504464	0.01681547	0.0504464	0.06726187	0.06726187	0.16750119	0.13465694
0.06746683	0.00843335	0.05903348	0.0	0.0	0.07590018	0.04216677	0.05903348	0.06746683	0.03373341	0.10120024	0.02530006	0.0	0.06746683	0.01686671	0.04216677	0.15564264	0.17812242
0.04075212	0.02445127	0.04890254	0.0326017	0.04075212	0.09780509	0.0	0.04075212	0.0326017	0.01630085	0.08150424	0.05705297	0.04075212	0.04075212	0.04890254	0.08150424	0.13432444	0.14028783
0.01636088	0.04908263	0.04908263	0.02454132	0.05726307	0.07362395	0.00818044	0.07362395	0.04090219	0.04908263	0.03272175	0.02454132	0.03272175	0.04090219	0.04908263	0.07362395	0.17723917	0.12742355
0.04229021	0.06343532	0.08458043	0.02114511	0.05286277	0.01057255	0.01057255	0.07400787	0.08458043	0.02114511	0.01057255	0.05286277	0.03171766	0.06343532	0.05286277	0.03171766	0.16743198	0.12420694
0.05582347	0.04651955	0.00930391	0.06512738	0.02791173	0.03721564	0.02791173	0.01860782	0.02791173	0.00930391	0.04651955	0.05582347	0.05582347	0.02791173	0.05582347	0.06512738	0.20435277	0.1629813
0.0280721	0.0561442	0.01871473	0.0561442	0.0280721	0.01871473	0.01871473	0.0561442	0.0280721	0.01871473	0.0280721	0.0561442	0.08421631	0.01871473	0.06550157	0.07485894	0.19354338	0.15144092
0.069514	0.0208542	0.034757	0.069514	0.0278056	0.0208542	0.0	0.0486598	0.0417084	0.0278056	0.0208542	0.0764654	0.0556112	0.0278056	0.104271	0.0625626	0.17355271	0.11740448
0.00774383	0.04646299	0.04646299	0.01548766	0.04646299	0.06195065	0.03097533	0.04646299	0.04646299	0.03871916	0.07743831	0.04646299	0.01548766	0.04646299	0.05420682	0.02323149	0.18128973	0.16822844
0.01601975	0.02402962	0.0320395	0.04004937	0.04805925	0.0320395	0.02402962	0.04004937	0.02402962	0.00800987	0.04004937	0.08009874	0.0320395	0.08009874	0.05606912	0.08810862	0.1799886	0.15519184
0.05370628	0.04603395	0.03836163	0.0306893	0.0613786	0.01534465	0.01534465	0.04603395	0.01534465	0.05370628	0.0306893	0.0613786	0.03836163	0.0306893	0.06905093	0.0306893	0.20208239	0.16111462
0.00738277	0.0221483	0.01476553	0.01476553	0.0221483	0.08859319	0.05167936	0.03691383	0.0221483	0.04429659	0.08859319	0.05167936	0.00738277	0.04429659	0.05167936	0.03691383	0.20371509	0.19089814
0.04719599	0.03146399	0.06292799	0.023598	0.05506199	0.0	0.007866	0.07865999	0.03932999	0.03932999	0.023598	0.05506199	0.03146399	0.07079399	0.06292799	0.07079399	0.17132717	0.12859895
0.0280729	0.07018226	0.04210935	0.04912758	0.07720048	0.03509113	0.00701823	0.04210935	0.0280729	0.05614581	0.04912758	0.0280729	0.04912758	0.00701823	0.06316403	0.02105468	0.20582037	0.14148465
0.05076149	0.04230124	0.03384099	0.05076149	0.02538074	0.0169205	0.0169205	0.05076149	0.05922173	0.0	0.03384099	0.05076149	0.05076149	0.05076149	0.05922173	0.11844347	0.16250255	0.12683666
0.00834957	0.03339829	0.058447	0.02504872	0.04174786	0.03339829	0.0	0.07514615	0.04174786	0.05009743	0.09184529	0.04174786	0.03339829	0.04174786	0.06679657	0.04174786	0.16446468	0.15087043
0.06137452	0.04091635	0.05114543	0.04091635	0.05114543	0.03068726	0.01022909	0.05114543	0.05114543	0.03068726	0.05114543	0.04091635	0.03068726	0.04091635	0.05114543	0.05114543	0.17640641	0.13824477
0.00670119	0.03350595	0.02010357	0.03350595	0.02680476	0.01340238	0.05360951	0.03350595	0.02680476	0.04020714	0.05360951	0.04690832	0.03350595	0.04690832	0.04020714	0.0603107	0.26400929	0.16638963
